72 76 78 79 80 82 83 85 88 89 90 92 94 96 97 98 102 103 105 106 107 109 110 111 112 114 115 71 73 77 84 86 91 93 95 100 101 116 117 75 81 87 99 108 113 74 104 
59 74 94 104 119 149 159 164 169 184 189 204 209 219 224 229 34 49 79 89 154 174 199 39 114 129 134 144 194 44 64 99 109 124 139 179 214 54 69 84 
25 31 34 40 55 64 76 79 88 91 94 97 19 28 37 43 46 58 61 70 73 85 22 52 67 82 100 49 
86 87 89 92 93 94 95 98 100 101 107 108 110 111 113 114 116 118 119 88 91 97 102 103 105 115 117 120 121 96 99 106 109 112 122 84 85 90 104 
62 64 66 70 74 86 88 90 94 98 100 102 104 106 108 116 118 120 122 58 68 72 76 78 80 84 92 96 110 112 114 56 60 82 124 
37 41 45 77 81 85 89 97 121 125 129 133 33 49 61 65 69 73 101 109 113 117 137 141 53 57 93 105 
38 40 44 48 50 54 58 64 66 72 74 76 82 36 46 56 60 62 70 78 80 42 52 68 
63 66 69 71 72 74 77 83 87 92 93 94 96 97 98 99 100 101 103 60 61 62 64 65 67 68 70 79 81 85 86 88 89 90 91 95 102 75 76 78 80 82 84 73 
48 54 57 60 66 69 78 81 102 105 117 120 123 126 132 135 138 141 147 150 153 159 162 84 87 90 93 108 111 114 156 63 72 75 96 99 129 144 51 
87 95 107 127 131 135 139 143 151 159 163 167 83 99 111 115 123 147 79 91 103 119 155 
23 26 27 29 30 31 37 38 39 41 42 44 46 48 25 33 34 35 40 45 50 22 28 32 36 47 49 24 43 
74 84 104 114 119 129 134 139 144 154 69 79 94 99 109 124 149 59 64 89 
92 97 107 112 162 167 197 207 212 217 222 227 237 242 247 267 272 277 287 292 312 122 132 142 147 152 157 172 177 192 202 252 262 297 302 117 127 182 187 232 257 282 307 102 137 
60 68 88 90 92 96 100 104 58 62 64 76 78 82 84 86 94 98 102 66 70 72 74 56 80 
67 69 75 79 83 93 101 109 111 113 115 117 119 121 125 127 131 133 137 139 141 77 81 85 87 89 91 99 103 105 107 129 71 73 97 123 135 143 95 
121 125 129 149 153 169 173 185 93 109 117 133 145 157 161 165 177 181 97 101 113 137 141 105 
55 63 83 95 99 107 119 123 127 131 135 143 67 75 79 87 91 103 111 115 147 151 59 71 139 
38 39 40 41 43 46 47 49 50 51 52 53 54 56 57 58 59 60 44 45 48 55 42 
77 80 89 98 104 110 116 119 122 137 140 152 155 158 164 173 176 185 188 191 194 83 86 95 101 107 113 134 143 149 161 170 182 74 92 125 128 146 167 179 131 
90 100 125 150 155 160 170 190 200 205 215 230 235 240 245 255 260 265 270 275 280 140 165 180 185 195 210 220 225 250 95 105 110 115 120 130 135 145 175 
